Temperature (C)	Pressure (atm)	Density (kg/m3)	Volume (m3/kg)	Internal Energy (kJ/mol)	Enthalpy (kJ/mol)	Entropy (J/mol*K)	Cv (J/mol*K)	Cp (J/mol*K)	Sound Spd. (m/s)	Joule-Thomson (F/atm)	Viscosity (Pa*s)	Therm. Cond. (W/m*K)	Phase
15	1	999.1	0.0010009	1.1345	1.1363	4.0435	75.203	75.456	1465.9	-0.041689	0.0011376	0.5888	liquid
15.017	1	999.1	0.0010009	1.1358	1.1376	4.0479	75.202	75.456	1466	-0.041687	0.0011371	0.58883	liquid
15.033	1	999.1	0.0010009	1.137	1.1389	4.0522	75.201	75.456	1466	-0.041685	0.0011366	0.58887	liquid
15.05	1	999.1	0.0010009	1.1383	1.1401	4.0566	75.2	75.455	1466.1	-0.041682	0.0011361	0.5889	liquid
15.067	1	999.09	0.0010009	1.1395	1.1414	4.061	75.199	75.455	1466.2	-0.04168	0.0011356	0.58893	liquid
15.083	1	999.09	0.0010009	1.1408	1.1426	4.0653	75.198	75.455	1466.2	-0.041678	0.0011351	0.58896	liquid
15.1	1	999.09	0.0010009	1.1421	1.1439	4.0697	75.197	75.454	1466.3	-0.041676	0.0011346	0.58899	liquid
15.117	1	999.08	0.0010009	1.1433	1.1451	4.074	75.196	75.454	1466.3	-0.041673	0.0011341	0.58903	liquid
15.133	1	999.08	0.0010009	1.1446	1.1464	4.0784	75.195	75.454	1466.4	-0.041671	0.0011336	0.58906	liquid
15.15	1	999.08	0.0010009	1.1458	1.1477	4.0828	75.194	75.453	1466.5	-0.041669	0.0011331	0.58909	liquid
15.167	1	999.08	0.0010009	1.1471	1.1489	4.0871	75.193	75.453	1466.5	-0.041666	0.0011326	0.58912	liquid
15.183	1	999.07	0.0010009	1.1484	1.1502	4.0915	75.192	75.453	1466.6	-0.041664	0.0011321	0.58915	liquid
15.2	1	999.07	0.0010009	1.1496	1.1514	4.0959	75.191	75.452	1466.6	-0.041662	0.0011316	0.58918	liquid
15.217	1	999.07	0.0010009	1.1509	1.1527	4.1002	75.19	75.452	1466.7	-0.041659	0.0011311	0.58922	liquid
15.233	1	999.07	0.0010009	1.1521	1.154	4.1046	75.189	75.452	1466.7	-0.041657	0.0011306	0.58925	liquid
15.25	1	999.06	0.0010009	1.1534	1.1552	4.1089	75.188	75.451	1466.8	-0.041655	0.0011301	0.58928	liquid
15.267	1	999.06	0.0010009	1.1546	1.1565	4.1133	75.187	75.451	1466.9	-0.041653	0.0011296	0.58931	liquid
15.283	1	999.06	0.0010009	1.1559	1.1577	4.1177	75.186	75.451	1466.9	-0.04165	0.0011291	0.58934	liquid
15.3	1	999.06	0.0010009	1.1572	1.159	4.122	75.185	75.45	1467	-0.041648	0.0011286	0.58938	liquid
15.317	1	999.05	0.0010009	1.1584	1.1602	4.1264	75.184	75.45	1467	-0.041646	0.0011281	0.58941	liquid
15.333	1	999.05	0.0010009	1.1597	1.1615	4.1307	75.183	75.45	1467.1	-0.041643	0.0011276	0.58944	liquid
15.35	1	999.05	0.001001	1.1609	1.1628	4.1351	75.182	75.449	1467.1	-0.041641	0.0011271	0.58947	liquid
15.367	1	999.05	0.001001	1.1622	1.164	4.1394	75.181	75.449	1467.2	-0.041639	0.0011266	0.5895	liquid
15.383	1	999.04	0.001001	1.1634	1.1653	4.1438	75.18	75.449	1467.3	-0.041637	0.0011261	0.58954	liquid
15.4	1	999.04	0.001001	1.1647	1.1665	4.1482	75.179	75.449	1467.3	-0.041634	0.0011256	0.58957	liquid
15.417	1	999.04	0.001001	1.166	1.1678	4.1525	75.178	75.448	1467.4	-0.041632	0.0011251	0.5896	liquid
15.433	1	999.04	0.001001	1.1672	1.169	4.1569	75.177	75.448	1467.4	-0.04163	0.0011246	0.58963	liquid
15.45	1	999.03	0.001001	1.1685	1.1703	4.1612	75.176	75.448	1467.5	-0.041627	0.0011241	0.58966	liquid
15.467	1	999.03	0.001001	1.1697	1.1716	4.1656	75.175	75.447	1467.6	-0.041625	0.0011237	0.58969	liquid
15.483	1	999.03	0.001001	1.171	1.1728	4.17	75.174	75.447	1467.6	-0.041623	0.0011232	0.58973	liquid
15.5	1	999.03	0.001001	1.1722	1.1741	4.1743	75.173	75.447	1467.7	-0.041621	0.0011227	0.58976	liquid
15.517	1	999.02	0.001001	1.1735	1.1753	4.1787	75.171	75.446	1467.7	-0.041618	0.0011222	0.58979	liquid
15.533	1	999.02	0.001001	1.1748	1.1766	4.183	75.17	75.446	1467.8	-0.041616	0.0011217	0.58982	liquid
15.55	1	999.02	0.001001	1.176	1.1778	4.1874	75.169	75.446	1467.8	-0.041614	0.0011212	0.58985	liquid
15.567	1	999.02	0.001001	1.1773	1.1791	4.1917	75.168	75.445	1467.9	-0.041611	0.0011207	0.58988	liquid
15.583	1	999.01	0.001001	1.1785	1.1804	4.1961	75.167	75.445	1468	-0.041609	0.0011202	0.58992	liquid
15.6	1	999.01	0.001001	1.1798	1.1816	4.2004	75.166	75.445	1468	-0.041607	0.0011197	0.58995	liquid
15.617	1	999.01	0.001001	1.181	1.1829	4.2048	75.165	75.444	1468.1	-0.041605	0.0011192	0.58998	liquid
15.633	1	999	0.001001	1.1823	1.1841	4.2091	75.164	75.444	1468.1	-0.041602	0.0011187	0.59001	liquid
15.65	1	999	0.001001	1.1836	1.1854	4.2135	75.163	75.444	1468.2	-0.0416	0.0011183	0.59004	liquid
15.667	1	999	0.001001	1.1848	1.1866	4.2179	75.162	75.444	1468.2	-0.041598	0.0011178	0.59007	liquid
15.683	1	999	0.001001	1.1861	1.1879	4.2222	75.161	75.443	1468.3	-0.041595	0.0011173	0.59011	liquid
15.7	1	998.99	0.001001	1.1873	1.1892	4.2266	75.16	75.443	1468.4	-0.041593	0.0011168	0.59014	liquid
15.717	1	998.99	0.001001	1.1886	1.1904	4.2309	75.159	75.443	1468.4	-0.041591	0.0011163	0.59017	liquid
15.733	1	998.99	0.001001	1.1898	1.1917	4.2353	75.158	75.442	1468.5	-0.041589	0.0011158	0.5902	liquid
15.75	1	998.99	0.001001	1.1911	1.1929	4.2396	75.157	75.442	1468.5	-0.041586	0.0011153	0.59023	liquid
15.767	1	998.98	0.001001	1.1924	1.1942	4.244	75.156	75.442	1468.6	-0.041584	0.0011149	0.59026	liquid
15.783	1	998.98	0.001001	1.1936	1.1954	4.2483	75.155	75.441	1468.6	-0.041582	0.0011144	0.5903	liquid
15.8	1	998.98	0.001001	1.1949	1.1967	4.2527	75.154	75.441	1468.7	-0.04158	0.0011139	0.59033	liquid
15.817	1	998.98	0.001001	1.1961	1.198	4.257	75.153	75.441	1468.8	-0.041577	0.0011134	0.59036	liquid
15.833	1	998.97	0.001001	1.1974	1.1992	4.2614	75.152	75.44	1468.8	-0.041575	0.0011129	0.59039	liquid
15.85	1	998.97	0.001001	1.1986	1.2005	4.2657	75.151	75.44	1468.9	-0.041573	0.0011124	0.59042	liquid
15.867	1	998.97	0.001001	1.1999	1.2017	4.2701	75.15	75.44	1468.9	-0.04157	0.0011119	0.59045	liquid
15.883	1	998.96	0.001001	1.2012	1.203	4.2744	75.149	75.44	1469	-0.041568	0.0011115	0.59048	liquid
15.9	1	998.96	0.001001	1.2024	1.2042	4.2788	75.148	75.439	1469	-0.041566	0.001111	0.59052	liquid
15.917	1	998.96	0.001001	1.2037	1.2055	4.2831	75.147	75.439	1469.1	-0.041564	0.0011105	0.59055	liquid
15.933	1	998.96	0.001001	1.2049	1.2068	4.2875	75.146	75.439	1469.2	-0.041561	0.00111	0.59058	liquid
15.95	1	998.95	0.001001	1.2062	1.208	4.2918	75.145	75.438	1469.2	-0.041559	0.0011095	0.59061	liquid
15.967	1	998.95	0.001001	1.2075	1.2093	4.2962	75.144	75.438	1469.3	-0.041557	0.001109	0.59064	liquid
15.983	1	998.95	0.0010011	1.2087	1.2105	4.3005	75.143	75.438	1469.3	-0.041555	0.0011086	0.59067	liquid
16	1	998.95	0.0010011	1.21	1.2118	4.3049	75.142	75.437	1469.4	-0.041552	0.0011081	0.59071	liquid
16.017	1	998.94	0.0010011	1.2112	1.2131	4.3092	75.14	75.437	1469.4	-0.04155	0.0011076	0.59074	liquid
16.033	1	998.94	0.0010011	1.2125	1.2143	4.3136	75.139	75.437	1469.5	-0.041548	0.0011071	0.59077	liquid
16.05	1	998.94	0.0010011	1.2137	1.2156	4.3179	75.138	75.437	1469.6	-0.041545	0.0011066	0.5908	liquid
16.067	1	998.94	0.0010011	1.215	1.2168	4.3223	75.137	75.436	1469.6	-0.041543	0.0011062	0.59083	liquid
16.083	1	998.93	0.0010011	1.2163	1.2181	4.3266	75.136	75.436	1469.7	-0.041541	0.0011057	0.59086	liquid
16.1	1	998.93	0.0010011	1.2175	1.2193	4.331	75.135	75.436	1469.7	-0.041539	0.0011052	0.59089	liquid
16.117	1	998.93	0.0010011	1.2188	1.2206	4.3353	75.134	75.435	1469.8	-0.041536	0.0011047	0.59093	liquid
16.133	1	998.92	0.0010011	1.22	1.2219	4.3397	75.133	75.435	1469.8	-0.041534	0.0011042	0.59096	liquid
16.15	1	998.92	0.0010011	1.2213	1.2231	4.344	75.132	75.435	1469.9	-0.041532	0.0011038	0.59099	liquid
16.167	1	998.92	0.0010011	1.2225	1.2244	4.3483	75.131	75.434	1470	-0.04153	0.0011033	0.59102	liquid
16.183	1	998.92	0.0010011	1.2238	1.2256	4.3527	75.13	75.434	1470	-0.041527	0.0011028	0.59105	liquid
16.2	1	998.91	0.0010011	1.2251	1.2269	4.357	75.129	75.434	1470.1	-0.041525	0.0011023	0.59108	liquid
16.217	1	998.91	0.0010011	1.2263	1.2281	4.3614	75.128	75.434	1470.1	-0.041523	0.0011019	0.59111	liquid
16.233	1	998.91	0.0010011	1.2276	1.2294	4.3657	75.127	75.433	1470.2	-0.041521	0.0011014	0.59114	liquid
16.25	1	998.91	0.0010011	1.2288	1.2307	4.3701	75.126	75.433	1470.2	-0.041518	0.0011009	0.59118	liquid
16.267	1	998.9	0.0010011	1.2301	1.2319	4.3744	75.125	75.433	1470.3	-0.041516	0.0011004	0.59121	liquid
16.283	1	998.9	0.0010011	1.2313	1.2332	4.3788	75.124	75.432	1470.3	-0.041514	0.0010999	0.59124	liquid
16.3	1	998.9	0.0010011	1.2326	1.2344	4.3831	75.123	75.432	1470.4	-0.041511	0.0010995	0.59127	liquid
16.317	1	998.89	0.0010011	1.2339	1.2357	4.3874	75.122	75.432	1470.5	-0.041509	0.001099	0.5913	liquid
16.333	1	998.89	0.0010011	1.2351	1.2369	4.3918	75.121	75.432	1470.5	-0.041507	0.0010985	0.59133	liquid
16.35	1	998.89	0.0010011	1.2364	1.2382	4.3961	75.12	75.431	1470.6	-0.041505	0.0010981	0.59136	liquid
16.367	1	998.89	0.0010011	1.2376	1.2395	4.4005	75.119	75.431	1470.6	-0.041502	0.0010976	0.5914	liquid
16.383	1	998.88	0.0010011	1.2389	1.2407	4.4048	75.118	75.431	1470.7	-0.0415	0.0010971	0.59143	liquid
16.4	1	998.88	0.0010011	1.2401	1.242	4.4092	75.116	75.43	1470.7	-0.041498	0.0010966	0.59146	liquid
16.417	1	998.88	0.0010011	1.2414	1.2432	4.4135	75.115	75.43	1470.8	-0.041496	0.0010962	0.59149	liquid
16.433	1	998.87	0.0010011	1.2427	1.2445	4.4178	75.114	75.43	1470.9	-0.041493	0.0010957	0.59152	liquid
16.45	1	998.87	0.0010011	1.2439	1.2457	4.4222	75.113	75.43	1470.9	-0.041491	0.0010952	0.59155	liquid
16.467	1	998.87	0.0010011	1.2452	1.247	4.4265	75.112	75.429	1471	-0.041489	0.0010947	0.59158	liquid
16.483	1	998.87	0.0010011	1.2464	1.2483	4.4309	75.111	75.429	1471	-0.041487	0.0010943	0.59161	liquid
16.5	1	998.86	0.0010011	1.2477	1.2495	4.4352	75.11	75.429	1471.1	-0.041484	0.0010938	0.59164	liquid
16.517	1	998.86	0.0010011	1.2489	1.2508	4.4395	75.109	75.428	1471.1	-0.041482	0.0010933	0.59168	liquid
16.533	1	998.86	0.0010011	1.2502	1.252	4.4439	75.108	75.428	1471.2	-0.04148	0.0010929	0.59171	liquid
16.55	1	998.86	0.0010011	1.2515	1.2533	4.4482	75.107	75.428	1471.2	-0.041478	0.0010924	0.59174	liquid
16.567	1	998.85	0.0010011	1.2527	1.2545	4.4526	75.106	75.428	1471.3	-0.041475	0.0010919	0.59177	liquid
16.583	1	998.85	0.0010012	1.254	1.2558	4.4569	75.105	75.427	1471.4	-0.041473	0.0010914	0.5918	liquid
16.6	1	998.85	0.0010012	1.2552	1.2571	4.4612	75.104	75.427	1471.4	-0.041471	0.001091	0.59183	liquid
16.617	1	998.84	0.0010012	1.2565	1.2583	4.4656	75.103	75.427	1471.5	-0.041469	0.0010905	0.59186	liquid
16.633	1	998.84	0.0010012	1.2577	1.2596	4.4699	75.102	75.426	1471.5	-0.041466	0.00109	0.59189	liquid
16.65	1	998.84	0.0010012	1.259	1.2608	4.4743	75.101	75.426	1471.6	-0.041464	0.0010896	0.59193	liquid
16.667	1	998.84	0.0010012	1.2603	1.2621	4.4786	75.1	75.426	1471.6	-0.041462	0.0010891	0.59196	liquid
16.683	1	998.83	0.0010012	1.2615	1.2633	4.4829	75.099	75.426	1471.7	-0.04146	0.0010886	0.59199	liquid
16.7	1	998.83	0.0010012	1.2628	1.2646	4.4873	75.098	75.425	1471.8	-0.041457	0.0010882	0.59202	liquid
16.717	1	998.83	0.0010012	1.264	1.2659	4.4916	75.097	75.425	1471.8	-0.041455	0.0010877	0.59205	liquid
16.733	1	998.82	0.0010012	1.2653	1.2671	4.4959	75.096	75.425	1471.9	-0.041453	0.0010872	0.59208	liquid
16.75	1	998.82	0.0010012	1.2665	1.2684	4.5003	75.094	75.424	1471.9	-0.041451	0.0010868	0.59211	liquid
16.767	1	998.82	0.0010012	1.2678	1.2696	4.5046	75.093	75.424	1472	-0.041448	0.0010863	0.59214	liquid
16.783	1	998.82	0.0010012	1.2691	1.2709	4.5089	75.092	75.424	1472	-0.041446	0.0010858	0.59217	liquid
16.8	1	998.81	0.0010012	1.2703	1.2721	4.5133	75.091	75.424	1472.1	-0.041444	0.0010854	0.59221	liquid
16.817	1	998.81	0.0010012	1.2716	1.2734	4.5176	75.09	75.423	1472.1	-0.041442	0.0010849	0.59224	liquid
16.833	1	998.81	0.0010012	1.2728	1.2747	4.522	75.089	75.423	1472.2	-0.041439	0.0010844	0.59227	liquid
16.85	1	998.8	0.0010012	1.2741	1.2759	4.5263	75.088	75.423	1472.3	-0.041437	0.001084	0.5923	liquid
16.867	1	998.8	0.0010012	1.2753	1.2772	4.5306	75.087	75.422	1472.3	-0.041435	0.0010835	0.59233	liquid
16.883	1	998.8	0.0010012	1.2766	1.2784	4.535	75.086	75.422	1472.4	-0.041433	0.001083	0.59236	liquid
16.9	1	998.8	0.0010012	1.2779	1.2797	4.5393	75.085	75.422	1472.4	-0.04143	0.0010826	0.59239	liquid
16.917	1	998.79	0.0010012	1.2791	1.2809	4.5436	75.084	75.422	1472.5	-0.041428	0.0010821	0.59242	liquid
16.933	1	998.79	0.0010012	1.2804	1.2822	4.548	75.083	75.421	1472.5	-0.041426	0.0010817	0.59245	liquid
16.95	1	998.79	0.0010012	1.2816	1.2835	4.5523	75.082	75.421	1472.6	-0.041424	0.0010812	0.59248	liquid
16.967	1	998.78	0.0010012	1.2829	1.2847	4.5566	75.081	75.421	1472.6	-0.041421	0.0010807	0.59252	liquid
16.983	1	998.78	0.0010012	1.2841	1.286	4.561	75.08	75.421	1472.7	-0.041419	0.0010803	0.59255	liquid
17	1	998.78	0.0010012	1.2854	1.2872	4.5653	75.079	75.42	1472.8	-0.041417	0.0010798	0.59258	liquid
17.017	1	998.78	0.0010012	1.2867	1.2885	4.5696	75.078	75.42	1472.8	-0.041415	0.0010793	0.59261	liquid
17.033	1	998.77	0.0010012	1.2879	1.2897	4.574	75.077	75.42	1472.9	-0.041413	0.0010789	0.59264	liquid
17.05	1	998.77	0.0010012	1.2892	1.291	4.5783	75.075	75.419	1472.9	-0.04141	0.0010784	0.59267	liquid
17.067	1	998.77	0.0010012	1.2904	1.2922	4.5826	75.074	75.419	1473	-0.041408	0.001078	0.5927	liquid
17.083	1	998.76	0.0010012	1.2917	1.2935	4.5869	75.073	75.419	1473	-0.041406	0.0010775	0.59273	liquid
17.1	1	998.76	0.0010012	1.2929	1.2948	4.5913	75.072	75.419	1473.1	-0.041404	0.001077	0.59276	liquid
17.117	1	998.76	0.0010012	1.2942	1.296	4.5956	75.071	75.418	1473.1	-0.041401	0.0010766	0.59279	liquid
17.133	1	998.75	0.0010012	1.2954	1.2973	4.5999	75.07	75.418	1473.2	-0.041399	0.0010761	0.59282	liquid
17.15	1	998.75	0.0010012	1.2967	1.2985	4.6043	75.069	75.418	1473.3	-0.041397	0.0010757	0.59286	liquid
17.167	1	998.75	0.0010013	1.298	1.2998	4.6086	75.068	75.417	1473.3	-0.041395	0.0010752	0.59289	liquid
17.183	1	998.75	0.0010013	1.2992	1.301	4.6129	75.067	75.417	1473.4	-0.041392	0.0010747	0.59292	liquid
17.2	1	998.74	0.0010013	1.3005	1.3023	4.6173	75.066	75.417	1473.4	-0.04139	0.0010743	0.59295	liquid
17.217	1	998.74	0.0010013	1.3017	1.3036	4.6216	75.065	75.417	1473.5	-0.041388	0.0010738	0.59298	liquid
17.233	1	998.74	0.0010013	1.303	1.3048	4.6259	75.064	75.416	1473.5	-0.041386	0.0010734	0.59301	liquid
17.25	1	998.73	0.0010013	1.3042	1.3061	4.6302	75.063	75.416	1473.6	-0.041383	0.0010729	0.59304	liquid
17.267	1	998.73	0.0010013	1.3055	1.3073	4.6346	75.062	75.416	1473.6	-0.041381	0.0010725	0.59307	liquid
17.283	1	998.73	0.0010013	1.3068	1.3086	4.6389	75.061	75.416	1473.7	-0.041379	0.001072	0.5931	liquid
17.3	1	998.73	0.0010013	1.308	1.3098	4.6432	75.06	75.415	1473.7	-0.041377	0.0010715	0.59313	liquid
17.317	1	998.72	0.0010013	1.3093	1.3111	4.6476	75.059	75.415	1473.8	-0.041375	0.0010711	0.59316	liquid
17.333	1	998.72	0.0010013	1.3105	1.3124	4.6519	75.057	75.415	1473.9	-0.041372	0.0010706	0.59319	liquid
17.35	1	998.72	0.0010013	1.3118	1.3136	4.6562	75.056	75.415	1473.9	-0.04137	0.0010702	0.59322	liquid
17.367	1	998.71	0.0010013	1.313	1.3149	4.6605	75.055	75.414	1474	-0.041368	0.0010697	0.59326	liquid
17.383	1	998.71	0.0010013	1.3143	1.3161	4.6649	75.054	75.414	1474	-0.041366	0.0010693	0.59329	liquid
17.4	1	998.71	0.0010013	1.3156	1.3174	4.6692	75.053	75.414	1474.1	-0.041363	0.0010688	0.59332	liquid
17.417	1	998.7	0.0010013	1.3168	1.3186	4.6735	75.052	75.413	1474.1	-0.041361	0.0010684	0.59335	liquid
17.433	1	998.7	0.0010013	1.3181	1.3199	4.6778	75.051	75.413	1474.2	-0.041359	0.0010679	0.59338	liquid
17.45	1	998.7	0.0010013	1.3193	1.3212	4.6822	75.05	75.413	1474.2	-0.041357	0.0010675	0.59341	liquid
17.467	1	998.7	0.0010013	1.3206	1.3224	4.6865	75.049	75.413	1474.3	-0.041354	0.001067	0.59344	liquid
17.483	1	998.69	0.0010013	1.3218	1.3237	4.6908	75.048	75.412	1474.4	-0.041352	0.0010666	0.59347	liquid
17.5	1	998.69	0.0010013	1.3231	1.3249	4.6951	75.047	75.412	1474.4	-0.04135	0.0010661	0.5935	liquid
17.517	1	998.69	0.0010013	1.3244	1.3262	4.6995	75.046	75.412	1474.5	-0.041348	0.0010656	0.59353	liquid
17.533	1	998.68	0.0010013	1.3256	1.3274	4.7038	75.045	75.412	1474.5	-0.041346	0.0010652	0.59356	liquid
17.55	1	998.68	0.0010013	1.3269	1.3287	4.7081	75.044	75.411	1474.6	-0.041343	0.0010647	0.59359	liquid
17.567	1	998.68	0.0010013	1.3281	1.33	4.7124	75.043	75.411	1474.6	-0.041341	0.0010643	0.59362	liquid
17.583	1	998.67	0.0010013	1.3294	1.3312	4.7168	75.041	75.411	1474.7	-0.041339	0.0010638	0.59365	liquid
17.6	1	998.67	0.0010013	1.3306	1.3325	4.7211	75.04	75.411	1474.7	-0.041337	0.0010634	0.59369	liquid
17.617	1	998.67	0.0010013	1.3319	1.3337	4.7254	75.039	75.41	1474.8	-0.041334	0.0010629	0.59372	liquid
17.633	1	998.67	0.0010013	1.3332	1.335	4.7297	75.038	75.41	1474.8	-0.041332	0.0010625	0.59375	liquid
17.65	1	998.66	0.0010013	1.3344	1.3362	4.734	75.037	75.41	1474.9	-0.04133	0.001062	0.59378	liquid
17.667	1	998.66	0.0010013	1.3357	1.3375	4.7384	75.036	75.41	1475	-0.041328	0.0010616	0.59381	liquid
17.683	1	998.66	0.0010013	1.3369	1.3388	4.7427	75.035	75.409	1475	-0.041326	0.0010611	0.59384	liquid
17.7	1	998.65	0.0010013	1.3382	1.34	4.747	75.034	75.409	1475.1	-0.041323	0.0010607	0.59387	liquid
17.717	1	998.65	0.0010014	1.3394	1.3413	4.7513	75.033	75.409	1475.1	-0.041321	0.0010602	0.5939	liquid
17.733	1	998.65	0.0010014	1.3407	1.3425	4.7557	75.032	75.409	1475.2	-0.041319	0.0010598	0.59393	liquid
17.75	1	998.64	0.0010014	1.342	1.3438	4.76	75.031	75.408	1475.2	-0.041317	0.0010594	0.59396	liquid
17.767	1	998.64	0.0010014	1.3432	1.345	4.7643	75.03	75.408	1475.3	-0.041314	0.0010589	0.59399	liquid
17.783	1	998.64	0.0010014	1.3445	1.3463	4.7686	75.029	75.408	1475.3	-0.041312	0.0010585	0.59402	liquid
17.8	1	998.64	0.0010014	1.3457	1.3476	4.7729	75.028	75.407	1475.4	-0.04131	0.001058	0.59405	liquid
17.817	1	998.63	0.0010014	1.347	1.3488	4.7773	75.027	75.407	1475.4	-0.041308	0.0010576	0.59408	liquid
17.833	1	998.63	0.0010014	1.3482	1.3501	4.7816	75.025	75.407	1475.5	-0.041306	0.0010571	0.59411	liquid
17.85	1	998.63	0.0010014	1.3495	1.3513	4.7859	75.024	75.407	1475.5	-0.041303	0.0010567	0.59414	liquid
17.867	1	998.62	0.0010014	1.3508	1.3526	4.7902	75.023	75.406	1475.6	-0.041301	0.0010562	0.59417	liquid
17.883	1	998.62	0.0010014	1.352	1.3538	4.7945	75.022	75.406	1475.7	-0.041299	0.0010558	0.5942	liquid
17.9	1	998.62	0.0010014	1.3533	1.3551	4.7988	75.021	75.406	1475.7	-0.041297	0.0010553	0.59424	liquid
17.917	1	998.61	0.0010014	1.3545	1.3563	4.8032	75.02	75.406	1475.8	-0.041295	0.0010549	0.59427	liquid
17.933	1	998.61	0.0010014	1.3558	1.3576	4.8075	75.019	75.405	1475.8	-0.041292	0.0010544	0.5943	liquid
17.95	1	998.61	0.0010014	1.357	1.3589	4.8118	75.018	75.405	1475.9	-0.04129	0.001054	0.59433	liquid
17.967	1	998.6	0.0010014	1.3583	1.3601	4.8161	75.017	75.405	1475.9	-0.041288	0.0010536	0.59436	liquid
17.983	1	998.6	0.0010014	1.3595	1.3614	4.8204	75.016	75.405	1476	-0.041286	0.0010531	0.59439	liquid
18	1	998.6	0.0010014	1.3608	1.3626	4.8247	75.015	75.404	1476	-0.041283	0.0010527	0.59442	liquid
18.017	1	998.6	0.0010014	1.3621	1.3639	4.8291	75.014	75.404	1476.1	-0.041281	0.0010522	0.59445	liquid
18.033	1	998.59	0.0010014	1.3633	1.3651	4.8334	75.013	75.404	1476.1	-0.041279	0.0010518	0.59448	liquid
18.05	1	998.59	0.0010014	1.3646	1.3664	4.8377	75.011	75.404	1476.2	-0.041277	0.0010513	0.59451	liquid
18.067	1	998.59	0.0010014	1.3658	1.3677	4.842	75.01	75.403	1476.3	-0.041275	0.0010509	0.59454	liquid
18.083	1	998.58	0.0010014	1.3671	1.3689	4.8463	75.009	75.403	1476.3	-0.041272	0.0010505	0.59457	liquid
18.1	1	998.58	0.0010014	1.3683	1.3702	4.8506	75.008	75.403	1476.4	-0.04127	0.00105	0.5946	liquid
18.117	1	998.58	0.0010014	1.3696	1.3714	4.855	75.007	75.403	1476.4	-0.041268	0.0010496	0.59463	liquid
18.133	1	998.57	0.0010014	1.3709	1.3727	4.8593	75.006	75.402	1476.5	-0.041266	0.0010491	0.59466	liquid
18.15	1	998.57	0.0010014	1.3721	1.3739	4.8636	75.005	75.402	1476.5	-0.041264	0.0010487	0.59469	liquid
18.167	1	998.57	0.0010014	1.3734	1.3752	4.8679	75.004	75.402	1476.6	-0.041261	0.0010483	0.59472	liquid
18.183	1	998.56	0.0010014	1.3746	1.3765	4.8722	75.003	75.402	1476.6	-0.041259	0.0010478	0.59475	liquid
18.2	1	998.56	0.0010014	1.3759	1.3777	4.8765	75.002	75.401	1476.7	-0.041257	0.0010474	0.59478	liquid
18.217	1	998.56	0.0010014	1.3771	1.379	4.8808	75.001	75.401	1476.7	-0.041255	0.0010469	0.59481	liquid
18.233	1	998.56	0.0010014	1.3784	1.3802	4.8852	75	75.401	1476.8	-0.041253	0.0010465	0.59484	liquid
18.25	1	998.55	0.0010015	1.3797	1.3815	4.8895	74.999	75.401	1476.8	-0.04125	0.0010461	0.59487	liquid
18.267	1	998.55	0.0010015	1.3809	1.3827	4.8938	74.997	75.4	1476.9	-0.041248	0.0010456	0.5949	liquid
18.283	1	998.55	0.0010015	1.3822	1.384	4.8981	74.996	75.4	1477	-0.041246	0.0010452	0.59493	liquid
18.3	1	998.54	0.0010015	1.3834	1.3853	4.9024	74.995	75.4	1477	-0.041244	0.0010447	0.59496	liquid
18.317	1	998.54	0.0010015	1.3847	1.3865	4.9067	74.994	75.4	1477.1	-0.041242	0.0010443	0.595	liquid
18.333	1	998.54	0.0010015	1.3859	1.3878	4.911	74.993	75.399	1477.1	-0.041239	0.0010439	0.59503	liquid
18.35	1	998.53	0.0010015	1.3872	1.389	4.9153	74.992	75.399	1477.2	-0.041237	0.0010434	0.59506	liquid
18.367	1	998.53	0.0010015	1.3885	1.3903	4.9196	74.991	75.399	1477.2	-0.041235	0.001043	0.59509	liquid
18.383	1	998.53	0.0010015	1.3897	1.3915	4.924	74.99	75.399	1477.3	-0.041233	0.0010426	0.59512	liquid
18.4	1	998.52	0.0010015	1.391	1.3928	4.9283	74.989	75.398	1477.3	-0.041231	0.0010421	0.59515	liquid
18.417	1	998.52	0.0010015	1.3922	1.3941	4.9326	74.988	75.398	1477.4	-0.041228	0.0010417	0.59518	liquid
18.433	1	998.52	0.0010015	1.3935	1.3953	4.9369	74.987	75.398	1477.4	-0.041226	0.0010413	0.59521	liquid
18.45	1	998.51	0.0010015	1.3947	1.3966	4.9412	74.986	75.398	1477.5	-0.041224	0.0010408	0.59524	liquid
18.467	1	998.51	0.0010015	1.396	1.3978	4.9455	74.985	75.398	1477.5	-0.041222	0.0010404	0.59527	liquid
18.483	1	998.51	0.0010015	1.3972	1.3991	4.9498	74.983	75.397	1477.6	-0.04122	0.00104	0.5953	liquid
18.5	1	998.5	0.0010015	1.3985	1.4003	4.9541	74.982	75.397	1477.6	-0.041217	0.0010395	0.59533	liquid
18.517	1	998.5	0.0010015	1.3998	1.4016	4.9584	74.981	75.397	1477.7	-0.041215	0.0010391	0.59536	liquid
18.533	1	998.5	0.0010015	1.401	1.4028	4.9627	74.98	75.397	1477.8	-0.041213	0.0010386	0.59539	liquid
18.55	1	998.5	0.0010015	1.4023	1.4041	4.9671	74.979	75.396	1477.8	-0.041211	0.0010382	0.59542	liquid
18.567	1	998.49	0.0010015	1.4035	1.4054	4.9714	74.978	75.396	1477.9	-0.041209	0.0010378	0.59545	liquid
18.583	1	998.49	0.0010015	1.4048	1.4066	4.9757	74.977	75.396	1477.9	-0.041206	0.0010374	0.59548	liquid
18.6	1	998.49	0.0010015	1.406	1.4079	4.98	74.976	75.396	1478	-0.041204	0.0010369	0.59551	liquid
18.617	1	998.48	0.0010015	1.4073	1.4091	4.9843	74.975	75.395	1478	-0.041202	0.0010365	0.59554	liquid
18.633	1	998.48	0.0010015	1.4086	1.4104	4.9886	74.974	75.395	1478.1	-0.0412	0.0010361	0.59557	liquid
18.65	1	998.48	0.0010015	1.4098	1.4116	4.9929	74.973	75.395	1478.1	-0.041198	0.0010356	0.5956	liquid
18.667	1	998.47	0.0010015	1.4111	1.4129	4.9972	74.972	75.395	1478.2	-0.041195	0.0010352	0.59563	liquid
18.683	1	998.47	0.0010015	1.4123	1.4142	5.0015	74.97	75.394	1478.2	-0.041193	0.0010348	0.59566	liquid
18.7	1	998.47	0.0010015	1.4136	1.4154	5.0058	74.969	75.394	1478.3	-0.041191	0.0010343	0.59569	liquid
18.717	1	998.46	0.0010015	1.4148	1.4167	5.0101	74.968	75.394	1478.3	-0.041189	0.0010339	0.59572	liquid
18.733	1	998.46	0.0010015	1.4161	1.4179	5.0144	74.967	75.394	1478.4	-0.041187	0.0010335	0.59575	liquid
18.75	1	998.46	0.0010015	1.4174	1.4192	5.0187	74.966	75.393	1478.4	-0.041184	0.001033	0.59578	liquid
18.767	1	998.45	0.0010015	1.4186	1.4204	5.023	74.965	75.393	1478.5	-0.041182	0.0010326	0.59581	liquid
18.783	1	998.45	0.0010016	1.4199	1.4217	5.0273	74.964	75.393	1478.5	-0.04118	0.0010322	0.59584	liquid
18.8	1	998.45	0.0010016	1.4211	1.423	5.0316	74.963	75.393	1478.6	-0.041178	0.0010318	0.59587	liquid
18.817	1	998.44	0.0010016	1.4224	1.4242	5.0359	74.962	75.393	1478.7	-0.041176	0.0010313	0.5959	liquid
18.833	1	998.44	0.0010016	1.4236	1.4255	5.0402	74.961	75.392	1478.7	-0.041173	0.0010309	0.59593	liquid
18.85	1	998.44	0.0010016	1.4249	1.4267	5.0446	74.96	75.392	1478.8	-0.041171	0.0010305	0.59596	liquid
18.867	1	998.43	0.0010016	1.4262	1.428	5.0489	74.958	75.392	1478.8	-0.041169	0.00103	0.59599	liquid
18.883	1	998.43	0.0010016	1.4274	1.4292	5.0532	74.957	75.392	1478.9	-0.041167	0.0010296	0.59602	liquid
18.9	1	998.43	0.0010016	1.4287	1.4305	5.0575	74.956	75.391	1478.9	-0.041165	0.0010292	0.59605	liquid
18.917	1	998.42	0.0010016	1.4299	1.4317	5.0618	74.955	75.391	1479	-0.041163	0.0010288	0.59608	liquid
18.933	1	998.42	0.0010016	1.4312	1.433	5.0661	74.954	75.391	1479	-0.04116	0.0010283	0.59611	liquid
18.95	1	998.42	0.0010016	1.4324	1.4343	5.0704	74.953	75.391	1479.1	-0.041158	0.0010279	0.59614	liquid
18.967	1	998.41	0.0010016	1.4337	1.4355	5.0747	74.952	75.39	1479.1	-0.041156	0.0010275	0.59617	liquid
18.983	1	998.41	0.0010016	1.4349	1.4368	5.079	74.951	75.39	1479.2	-0.041154	0.001027	0.5962	liquid
19	1	998.41	0.0010016	1.4362	1.438	5.0833	74.95	75.39	1479.2	-0.041152	0.0010266	0.59623	liquid
19.017	1	998.41	0.0010016	1.4375	1.4393	5.0876	74.949	75.39	1479.3	-0.041149	0.0010262	0.59626	liquid
19.033	1	998.4	0.0010016	1.4387	1.4405	5.0919	74.948	75.39	1479.3	-0.041147	0.0010258	0.59629	liquid
19.05	1	998.4	0.0010016	1.44	1.4418	5.0962	74.946	75.389	1479.4	-0.041145	0.0010253	0.59632	liquid
19.067	1	998.4	0.0010016	1.4412	1.4431	5.1005	74.945	75.389	1479.4	-0.041143	0.0010249	0.59635	liquid
19.083	1	998.39	0.0010016	1.4425	1.4443	5.1048	74.944	75.389	1479.5	-0.041141	0.0010245	0.59638	liquid
19.1	1	998.39	0.0010016	1.4437	1.4456	5.1091	74.943	75.389	1479.5	-0.041139	0.0010241	0.59641	liquid
19.117	1	998.39	0.0010016	1.445	1.4468	5.1134	74.942	75.388	1479.6	-0.041136	0.0010237	0.59644	liquid
19.133	1	998.38	0.0010016	1.4463	1.4481	5.1177	74.941	75.388	1479.7	-0.041134	0.0010232	0.59647	liquid
19.15	1	998.38	0.0010016	1.4475	1.4493	5.122	74.94	75.388	1479.7	-0.041132	0.0010228	0.5965	liquid
19.167	1	998.38	0.0010016	1.4488	1.4506	5.1263	74.939	75.388	1479.8	-0.04113	0.0010224	0.59653	liquid
19.183	1	998.37	0.0010016	1.45	1.4519	5.1306	74.938	75.387	1479.8	-0.041128	0.001022	0.59656	liquid
19.2	1	998.37	0.0010016	1.4513	1.4531	5.1349	74.937	75.387	1479.9	-0.041125	0.0010215	0.59659	liquid
19.217	1	998.37	0.0010016	1.4525	1.4544	5.1392	74.936	75.387	1479.9	-0.041123	0.0010211	0.59662	liquid
19.233	1	998.36	0.0010016	1.4538	1.4556	5.1435	74.934	75.387	1480	-0.041121	0.0010207	0.59665	liquid
19.25	1	998.36	0.0010016	1.455	1.4569	5.1478	74.933	75.387	1480	-0.041119	0.0010203	0.59668	liquid
19.267	1	998.36	0.0010016	1.4563	1.4581	5.152	74.932	75.386	1480.1	-0.041117	0.0010199	0.59671	liquid
19.283	1	998.35	0.0010017	1.4576	1.4594	5.1563	74.931	75.386	1480.1	-0.041115	0.0010194	0.59674	liquid
19.3	1	998.35	0.0010017	1.4588	1.4606	5.1606	74.93	75.386	1480.2	-0.041112	0.001019	0.59677	liquid
19.317	1	998.35	0.0010017	1.4601	1.4619	5.1649	74.929	75.386	1480.2	-0.04111	0.0010186	0.5968	liquid
19.333	1	998.34	0.0010017	1.4613	1.4632	5.1692	74.928	75.385	1480.3	-0.041108	0.0010182	0.59683	liquid
19.35	1	998.34	0.0010017	1.4626	1.4644	5.1735	74.927	75.385	1480.3	-0.041106	0.0010178	0.59686	liquid
19.367	1	998.34	0.0010017	1.4638	1.4657	5.1778	74.926	75.385	1480.4	-0.041104	0.0010173	0.59689	liquid
19.383	1	998.33	0.0010017	1.4651	1.4669	5.1821	74.925	75.385	1480.4	-0.041102	0.0010169	0.59692	liquid
19.4	1	998.33	0.0010017	1.4664	1.4682	5.1864	74.923	75.385	1480.5	-0.041099	0.0010165	0.59695	liquid
19.417	1	998.33	0.0010017	1.4676	1.4694	5.1907	74.922	75.384	1480.5	-0.041097	0.0010161	0.59698	liquid
19.433	1	998.32	0.0010017	1.4689	1.4707	5.195	74.921	75.384	1480.6	-0.041095	0.0010157	0.59701	liquid
19.45	1	998.32	0.0010017	1.4701	1.472	5.1993	74.92	75.384	1480.6	-0.041093	0.0010152	0.59704	liquid
19.467	1	998.32	0.0010017	1.4714	1.4732	5.2036	74.919	75.384	1480.7	-0.041091	0.0010148	0.59707	liquid
19.483	1	998.31	0.0010017	1.4726	1.4745	5.2079	74.918	75.383	1480.7	-0.041088	0.0010144	0.59709	liquid
19.5	1	998.31	0.0010017	1.4739	1.4757	5.2122	74.917	75.383	1480.8	-0.041086	0.001014	0.59712	liquid
19.517	1	998.31	0.0010017	1.4752	1.477	5.2165	74.916	75.383	1480.9	-0.041084	0.0010136	0.59715	liquid
19.533	1	998.3	0.0010017	1.4764	1.4782	5.2208	74.915	75.383	1480.9	-0.041082	0.0010132	0.59718	liquid
19.55	1	998.3	0.0010017	1.4777	1.4795	5.2251	74.914	75.383	1481	-0.04108	0.0010127	0.59721	liquid
19.567	1	998.3	0.0010017	1.4789	1.4807	5.2293	74.912	75.382	1481	-0.041078	0.0010123	0.59724	liquid
19.583	1	998.29	0.0010017	1.4802	1.482	5.2336	74.911	75.382	1481.1	-0.041075	0.0010119	0.59727	liquid
19.6	1	998.29	0.0010017	1.4814	1.4833	5.2379	74.91	75.382	1481.1	-0.041073	0.0010115	0.5973	liquid
19.617	1	998.29	0.0010017	1.4827	1.4845	5.2422	74.909	75.382	1481.2	-0.041071	0.0010111	0.59733	liquid
19.633	1	998.28	0.0010017	1.4839	1.4858	5.2465	74.908	75.381	1481.2	-0.041069	0.0010107	0.59736	liquid
19.65	1	998.28	0.0010017	1.4852	1.487	5.2508	74.907	75.381	1481.3	-0.041067	0.0010102	0.59739	liquid
19.667	1	998.28	0.0010017	1.4865	1.4883	5.2551	74.906	75.381	1481.3	-0.041065	0.0010098	0.59742	liquid
19.683	1	998.27	0.0010017	1.4877	1.4895	5.2594	74.905	75.381	1481.4	-0.041062	0.0010094	0.59745	liquid
19.7	1	998.27	0.0010017	1.489	1.4908	5.2637	74.904	75.381	1481.4	-0.04106	0.001009	0.59748	liquid
19.717	1	998.27	0.0010017	1.4902	1.4921	5.268	74.903	75.38	1481.5	-0.041058	0.0010086	0.59751	liquid
19.733	1	998.26	0.0010017	1.4915	1.4933	5.2723	74.901	75.38	1481.5	-0.041056	0.0010082	0.59754	liquid
19.75	1	998.26	0.0010017	1.4927	1.4946	5.2765	74.9	75.38	1481.6	-0.041054	0.0010078	0.59757	liquid
19.767	1	998.26	0.0010017	1.494	1.4958	5.2808	74.899	75.38	1481.6	-0.041052	0.0010073	0.5976	liquid
19.783	1	998.25	0.0010018	1.4953	1.4971	5.2851	74.898	75.38	1481.7	-0.041049	0.0010069	0.59763	liquid
19.8	1	998.25	0.0010018	1.4965	1.4983	5.2894	74.897	75.379	1481.7	-0.041047	0.0010065	0.59766	liquid
19.817	1	998.24	0.0010018	1.4978	1.4996	5.2937	74.896	75.379	1481.8	-0.041045	0.0010061	0.59769	liquid
19.833	1	998.24	0.0010018	1.499	1.5009	5.298	74.895	75.379	1481.8	-0.041043	0.0010057	0.59772	liquid
19.85	1	998.24	0.0010018	1.5003	1.5021	5.3023	74.894	75.379	1481.9	-0.041041	0.0010053	0.59775	liquid
19.867	1	998.23	0.0010018	1.5015	1.5034	5.3066	74.893	75.378	1481.9	-0.041039	0.0010049	0.59778	liquid
19.883	1	998.23	0.0010018	1.5028	1.5046	5.3109	74.891	75.378	1482	-0.041037	0.0010045	0.59781	liquid
19.9	1	998.23	0.0010018	1.504	1.5059	5.3151	74.89	75.378	1482	-0.041034	0.0010041	0.59784	liquid
19.917	1	998.22	0.0010018	1.5053	1.5071	5.3194	74.889	75.378	1482.1	-0.041032	0.0010036	0.59786	liquid
19.933	1	998.22	0.0010018	1.5066	1.5084	5.3237	74.888	75.378	1482.1	-0.04103	0.0010032	0.59789	liquid
19.95	1	998.22	0.0010018	1.5078	1.5096	5.328	74.887	75.377	1482.2	-0.041028	0.0010028	0.59792	liquid
19.967	1	998.21	0.0010018	1.5091	1.5109	5.3323	74.886	75.377	1482.2	-0.041026	0.0010024	0.59795	liquid
19.983	1	998.21	0.0010018	1.5103	1.5122	5.3366	74.885	75.377	1482.3	-0.041024	0.001002	0.59798	liquid
20	1	998.21	0.0010018	1.5116	1.5134	5.3409	74.884	75.377	1482.3	-0.041021	0.0010016	0.59801	liquid
20.017	1	998.2	0.0010018	1.5128	1.5147	5.3451	74.883	75.377	1482.4	-0.041019	0.0010012	0.59804	liquid
20.033	1	998.2	0.0010018	1.5141	1.5159	5.3494	74.882	75.376	1482.4	-0.041017	0.0010008	0.59807	liquid
20.05	1	998.2	0.0010018	1.5154	1.5172	5.3537	74.88	75.376	1482.5	-0.041015	0.0010004	0.5981	liquid
20.067	1	998.19	0.0010018	1.5166	1.5184	5.358	74.879	75.376	1482.6	-0.041013	0.00099996	0.59813	liquid
20.083	1	998.19	0.0010018	1.5179	1.5197	5.3623	74.878	75.376	1482.6	-0.041011	0.00099955	0.59816	liquid
20.1	1	998.19	0.0010018	1.5191	1.521	5.3666	74.877	75.376	1482.7	-0.041008	0.00099915	0.59819	liquid
20.117	1	998.18	0.0010018	1.5204	1.5222	5.3708	74.876	75.375	1482.7	-0.041006	0.00099874	0.59822	liquid
20.133	1	998.18	0.0010018	1.5216	1.5235	5.3751	74.875	75.375	1482.8	-0.041004	0.00099833	0.59825	liquid
20.15	1	998.18	0.0010018	1.5229	1.5247	5.3794	74.874	75.375	1482.8	-0.041002	0.00099793	0.59828	liquid
20.167	1	998.17	0.0010018	1.5241	1.526	5.3837	74.873	75.375	1482.9	-0.041	0.00099752	0.59831	liquid
20.183	1	998.17	0.0010018	1.5254	1.5272	5.388	74.872	75.375	1482.9	-0.040998	0.00099711	0.59834	liquid
20.2	1	998.17	0.0010018	1.5267	1.5285	5.3923	74.87	75.374	1483	-0.040996	0.00099671	0.59837	liquid
20.217	1	998.16	0.0010018	1.5279	1.5297	5.3965	74.869	75.374	1483	-0.040993	0.0009963	0.59839	liquid
20.233	1	998.16	0.0010018	1.5292	1.531	5.4008	74.868	75.374	1483.1	-0.040991	0.0009959	0.59842	liquid
20.25	1	998.16	0.0010018	1.5304	1.5323	5.4051	74.867	75.374	1483.1	-0.040989	0.00099549	0.59845	liquid
20.267	1	998.15	0.0010019	1.5317	1.5335	5.4094	74.866	75.373	1483.2	-0.040987	0.00099509	0.59848	liquid
20.283	1	998.15	0.0010019	1.5329	1.5348	5.4137	74.865	75.373	1483.2	-0.040985	0.00099468	0.59851	liquid
20.3	1	998.14	0.0010019	1.5342	1.536	5.418	74.864	75.373	1483.3	-0.040983	0.00099428	0.59854	liquid
20.317	1	998.14	0.0010019	1.5355	1.5373	5.4222	74.863	75.373	1483.3	-0.04098	0.00099388	0.59857	liquid
20.333	1	998.14	0.0010019	1.5367	1.5385	5.4265	74.862	75.373	1483.4	-0.040978	0.00099347	0.5986	liquid
20.35	1	998.13	0.0010019	1.538	1.5398	5.4308	74.86	75.372	1483.4	-0.040976	0.00099307	0.59863	liquid
20.367	1	998.13	0.0010019	1.5392	1.5411	5.4351	74.859	75.372	1483.5	-0.040974	0.00099266	0.59866	liquid
20.383	1	998.13	0.0010019	1.5405	1.5423	5.4394	74.858	75.372	1483.5	-0.040972	0.00099226	0.59869	liquid
20.4	1	998.12	0.0010019	1.5417	1.5436	5.4436	74.857	75.372	1483.6	-0.04097	0.00099186	0.59872	liquid
20.417	1	998.12	0.0010019	1.543	1.5448	5.4479	74.856	75.372	1483.6	-0.040968	0.00099146	0.59875	liquid
20.433	1	998.12	0.0010019	1.5442	1.5461	5.4522	74.855	75.371	1483.7	-0.040965	0.00099105	0.59878	liquid
20.45	1	998.11	0.0010019	1.5455	1.5473	5.4565	74.854	75.371	1483.7	-0.040963	0.00099065	0.59881	liquid
20.467	1	998.11	0.0010019	1.5468	1.5486	5.4608	74.853	75.371	1483.8	-0.040961	0.00099025	0.59883	liquid
20.483	1	998.11	0.0010019	1.548	1.5498	5.465	74.851	75.371	1483.8	-0.040959	0.00098985	0.59886	liquid
20.5	1	998.1	0.0010019	1.5493	1.5511	5.4693	74.85	75.371	1483.9	-0.040957	0.00098945	0.59889	liquid
20.517	1	998.1	0.0010019	1.5505	1.5524	5.4736	74.849	75.37	1483.9	-0.040955	0.00098905	0.59892	liquid
20.533	1	998.1	0.0010019	1.5518	1.5536	5.4779	74.848	75.37	1484	-0.040953	0.00098865	0.59895	liquid
20.55	1	998.09	0.0010019	1.553	1.5549	5.4821	74.847	75.37	1484	-0.04095	0.00098825	0.59898	liquid
20.567	1	998.09	0.0010019	1.5543	1.5561	5.4864	74.846	75.37	1484.1	-0.040948	0.00098785	0.59901	liquid
20.583	1	998.08	0.0010019	1.5556	1.5574	5.4907	74.845	75.37	1484.1	-0.040946	0.00098745	0.59904	liquid
20.6	1	998.08	0.0010019	1.5568	1.5586	5.495	74.844	75.369	1484.2	-0.040944	0.00098705	0.59907	liquid
20.617	1	998.08	0.0010019	1.5581	1.5599	5.4992	74.843	75.369	1484.2	-0.040942	0.00098665	0.5991	liquid
20.633	1	998.07	0.0010019	1.5593	1.5612	5.5035	74.841	75.369	1484.3	-0.04094	0.00098625	0.59913	liquid
20.65	1	998.07	0.0010019	1.5606	1.5624	5.5078	74.84	75.369	1484.3	-0.040938	0.00098585	0.59916	liquid
20.667	1	998.07	0.0010019	1.5618	1.5637	5.5121	74.839	75.369	1484.4	-0.040935	0.00098545	0.59919	liquid
20.683	1	998.06	0.0010019	1.5631	1.5649	5.5163	74.838	75.368	1484.4	-0.040933	0.00098505	0.59921	liquid
20.7	1	998.06	0.0010019	1.5643	1.5662	5.5206	74.837	75.368	1484.5	-0.040931	0.00098466	0.59924	liquid
20.717	1	998.06	0.0010019	1.5656	1.5674	5.5249	74.836	75.368	1484.5	-0.040929	0.00098426	0.59927	liquid
20.733	1	998.05	0.001002	1.5669	1.5687	5.5292	74.835	75.368	1484.6	-0.040927	0.00098386	0.5993	liquid
20.75	1	998.05	0.001002	1.5681	1.5699	5.5334	74.834	75.368	1484.6	-0.040925	0.00098346	0.59933	liquid
20.767	1	998.05	0.001002	1.5694	1.5712	5.5377	74.832	75.368	1484.7	-0.040923	0.00098307	0.59936	liquid
20.783	1	998.04	0.001002	1.5706	1.5725	5.542	74.831	75.367	1484.7	-0.04092	0.00098267	0.59939	liquid
20.8	1	998.04	0.001002	1.5719	1.5737	5.5463	74.83	75.367	1484.8	-0.040918	0.00098227	0.59942	liquid
20.817	1	998.04	0.001002	1.5731	1.575	5.5505	74.829	75.367	1484.8	-0.040916	0.00098188	0.59945	liquid
20.833	1	998.03	0.001002	1.5744	1.5762	5.5548	74.828	75.367	1484.9	-0.040914	0.00098148	0.59948	liquid
20.85	1	998.03	0.001002	1.5757	1.5775	5.5591	74.827	75.367	1484.9	-0.040912	0.00098109	0.59951	liquid
20.867	1	998.02	0.001002	1.5769	1.5787	5.5634	74.826	75.366	1485	-0.04091	0.00098069	0.59953	liquid
20.883	1	998.02	0.001002	1.5782	1.58	5.5676	74.825	75.366	1485	-0.040908	0.0009803	0.59956	liquid
20.9	1	998.02	0.001002	1.5794	1.5812	5.5719	74.823	75.366	1485.1	-0.040906	0.0009799	0.59959	liquid
20.917	1	998.01	0.001002	1.5807	1.5825	5.5762	74.822	75.366	1485.1	-0.040903	0.00097951	0.59962	liquid
20.933	1	998.01	0.001002	1.5819	1.5838	5.5804	74.821	75.366	1485.2	-0.040901	0.00097911	0.59965	liquid
20.95	1	998.01	0.001002	1.5832	1.585	5.5847	74.82	75.365	1485.2	-0.040899	0.00097872	0.59968	liquid
20.967	1	998	0.001002	1.5844	1.5863	5.589	74.819	75.365	1485.3	-0.040897	0.00097832	0.59971	liquid
20.983	1	998	0.001002	1.5857	1.5875	5.5933	74.818	75.365	1485.3	-0.040895	0.00097793	0.59974	liquid
21	1	998	0.001002	1.587	1.5888	5.5975	74.817	75.365	1485.4	-0.040893	0.00097754	0.59977	liquid
21.017	1	997.99	0.001002	1.5882	1.59	5.6018	74.816	75.365	1485.4	-0.040891	0.00097714	0.5998	liquid
21.033	1	997.99	0.001002	1.5895	1.5913	5.6061	74.814	75.364	1485.5	-0.040888	0.00097675	0.59982	liquid
21.05	1	997.98	0.001002	1.5907	1.5926	5.6103	74.813	75.364	1485.5	-0.040886	0.00097636	0.59985	liquid
21.067	1	997.98	0.001002	1.592	1.5938	5.6146	74.812	75.364	1485.6	-0.040884	0.00097597	0.59988	liquid
21.083	1	997.98	0.001002	1.5932	1.5951	5.6189	74.811	75.364	1485.6	-0.040882	0.00097557	0.59991	liquid
21.1	1	997.97	0.001002	1.5945	1.5963	5.6231	74.81	75.364	1485.7	-0.04088	0.00097518	0.59994	liquid
21.117	1	997.97	0.001002	1.5957	1.5976	5.6274	74.809	75.363	1485.7	-0.040878	0.00097479	0.59997	liquid
21.133	1	997.97	0.001002	1.597	1.5988	5.6317	74.808	75.363	1485.8	-0.040876	0.0009744	0.6	liquid
21.15	1	997.96	0.001002	1.5983	1.6001	5.6359	74.807	75.363	1485.8	-0.040874	0.00097401	0.60003	liquid
21.167	1	997.96	0.001002	1.5995	1.6013	5.6402	74.805	75.363	1485.9	-0.040871	0.00097362	0.60006	liquid
21.183	1	997.96	0.001002	1.6008	1.6026	5.6445	74.804	75.363	1485.9	-0.040869	0.00097323	0.60009	liquid
21.2	1	997.95	0.0010021	1.602	1.6039	5.6488	74.803	75.363	1486	-0.040867	0.00097284	0.60011	liquid
21.217	1	997.95	0.0010021	1.6033	1.6051	5.653	74.802	75.362	1486	-0.040865	0.00097245	0.60014	liquid
21.233	1	997.94	0.0010021	1.6045	1.6064	5.6573	74.801	75.362	1486.1	-0.040863	0.00097206	0.60017	liquid
21.25	1	997.94	0.0010021	1.6058	1.6076	5.6616	74.8	75.362	1486.1	-0.040861	0.00097167	0.6002	liquid
21.267	1	997.94	0.0010021	1.6071	1.6089	5.6658	74.799	75.362	1486.2	-0.040859	0.00097128	0.60023	liquid
21.283	1	997.93	0.0010021	1.6083	1.6101	5.6701	74.798	75.362	1486.2	-0.040857	0.00097089	0.60026	liquid
21.3	1	997.93	0.0010021	1.6096	1.6114	5.6743	74.796	75.361	1486.3	-0.040854	0.0009705	0.60029	liquid
21.317	1	997.93	0.0010021	1.6108	1.6126	5.6786	74.795	75.361	1486.3	-0.040852	0.00097011	0.60032	liquid
21.333	1	997.92	0.0010021	1.6121	1.6139	5.6829	74.794	75.361	1486.4	-0.04085	0.00096972	0.60035	liquid
21.35	1	997.92	0.0010021	1.6133	1.6152	5.6871	74.793	75.361	1486.4	-0.040848	0.00096934	0.60037	liquid
21.367	1	997.92	0.0010021	1.6146	1.6164	5.6914	74.792	75.361	1486.5	-0.040846	0.00096895	0.6004	liquid
21.383	1	997.91	0.0010021	1.6158	1.6177	5.6957	74.791	75.361	1486.5	-0.040844	0.00096856	0.60043	liquid
21.4	1	997.91	0.0010021	1.6171	1.6189	5.6999	74.79	75.36	1486.6	-0.040842	0.00096817	0.60046	liquid
21.417	1	997.9	0.0010021	1.6184	1.6202	5.7042	74.789	75.36	1486.6	-0.04084	0.00096779	0.60049	liquid
21.433	1	997.9	0.0010021	1.6196	1.6214	5.7085	74.787	75.36	1486.7	-0.040837	0.0009674	0.60052	liquid
21.45	1	997.9	0.0010021	1.6209	1.6227	5.7127	74.786	75.36	1486.7	-0.040835	0.00096701	0.60055	liquid
21.467	1	997.89	0.0010021	1.6221	1.624	5.717	74.785	75.36	1486.8	-0.040833	0.00096663	0.60058	liquid
21.483	1	997.89	0.0010021	1.6234	1.6252	5.7213	74.784	75.359	1486.8	-0.040831	0.00096624	0.6006	liquid
21.5	1	997.89	0.0010021	1.6246	1.6265	5.7255	74.783	75.359	1486.9	-0.040829	0.00096585	0.60063	liquid
21.517	1	997.88	0.0010021	1.6259	1.6277	5.7298	74.782	75.359	1486.9	-0.040827	0.00096547	0.60066	liquid
21.533	1	997.88	0.0010021	1.6271	1.629	5.734	74.781	75.359	1487	-0.040825	0.00096508	0.60069	liquid
21.55	1	997.87	0.0010021	1.6284	1.6302	5.7383	74.779	75.359	1487	-0.040823	0.0009647	0.60072	liquid
21.567	1	997.87	0.0010021	1.6297	1.6315	5.7426	74.778	75.359	1487.1	-0.04082	0.00096431	0.60075	liquid
21.583	1	997.87	0.0010021	1.6309	1.6327	5.7468	74.777	75.358	1487.1	-0.040818	0.00096393	0.60078	liquid
21.6	1	997.86	0.0010021	1.6322	1.634	5.7511	74.776	75.358	1487.2	-0.040816	0.00096355	0.60081	liquid
21.617	1	997.86	0.0010021	1.6334	1.6353	5.7554	74.775	75.358	1487.2	-0.040814	0.00096316	0.60083	liquid
21.633	1	997.86	0.0010021	1.6347	1.6365	5.7596	74.774	75.358	1487.3	-0.040812	0.00096278	0.60086	liquid
21.65	1	997.85	0.0010022	1.6359	1.6378	5.7639	74.773	75.358	1487.3	-0.04081	0.00096239	0.60089	liquid
21.667	1	997.85	0.0010022	1.6372	1.639	5.7681	74.772	75.357	1487.4	-0.040808	0.00096201	0.60092	liquid
21.683	1	997.84	0.0010022	1.6385	1.6403	5.7724	74.77	75.357	1487.4	-0.040806	0.00096163	0.60095	liquid
21.7	1	997.84	0.0010022	1.6397	1.6415	5.7767	74.769	75.357	1487.4	-0.040804	0.00096124	0.60098	liquid
21.717	1	997.84	0.0010022	1.641	1.6428	5.7809	74.768	75.357	1487.5	-0.040801	0.00096086	0.60101	liquid
21.733	1	997.83	0.0010022	1.6422	1.644	5.7852	74.767	75.357	1487.5	-0.040799	0.00096048	0.60104	liquid
21.75	1	997.83	0.0010022	1.6435	1.6453	5.7894	74.766	75.357	1487.6	-0.040797	0.0009601	0.60106	liquid
21.767	1	997.83	0.0010022	1.6447	1.6466	5.7937	74.765	75.356	1487.6	-0.040795	0.00095972	0.60109	liquid
21.783	1	997.82	0.0010022	1.646	1.6478	5.7979	74.764	75.356	1487.7	-0.040793	0.00095933	0.60112	liquid
21.8	1	997.82	0.0010022	1.6472	1.6491	5.8022	74.762	75.356	1487.7	-0.040791	0.00095895	0.60115	liquid
21.817	1	997.81	0.0010022	1.6485	1.6503	5.8065	74.761	75.356	1487.8	-0.040789	0.00095857	0.60118	liquid
21.833	1	997.81	0.0010022	1.6498	1.6516	5.8107	74.76	75.356	1487.8	-0.040787	0.00095819	0.60121	liquid
21.85	1	997.81	0.0010022	1.651	1.6528	5.815	74.759	75.356	1487.9	-0.040785	0.00095781	0.60124	liquid
21.867	1	997.8	0.0010022	1.6523	1.6541	5.8192	74.758	75.355	1487.9	-0.040782	0.00095743	0.60127	liquid
21.883	1	997.8	0.0010022	1.6535	1.6554	5.8235	74.757	75.355	1488	-0.04078	0.00095705	0.60129	liquid
21.9	1	997.8	0.0010022	1.6548	1.6566	5.8277	74.756	75.355	1488	-0.040778	0.00095667	0.60132	liquid
21.917	1	997.79	0.0010022	1.656	1.6579	5.832	74.754	75.355	1488.1	-0.040776	0.00095629	0.60135	liquid
21.933	1	997.79	0.0010022	1.6573	1.6591	5.8363	74.753	75.355	1488.1	-0.040774	0.00095591	0.60138	liquid
21.95	1	997.78	0.0010022	1.6585	1.6604	5.8405	74.752	75.354	1488.2	-0.040772	0.00095553	0.60141	liquid
21.967	1	997.78	0.0010022	1.6598	1.6616	5.8448	74.751	75.354	1488.2	-0.04077	0.00095515	0.60144	liquid
21.983	1	997.78	0.0010022	1.6611	1.6629	5.849	74.75	75.354	1488.3	-0.040768	0.00095477	0.60147	liquid
22	1	997.77	0.0010022	1.6623	1.6641	5.8533	74.749	75.354	1488.3	-0.040766	0.0009544	0.60149	liquid
22.017	1	997.77	0.0010022	1.6636	1.6654	5.8575	74.748	75.354	1488.4	-0.040763	0.00095402	0.60152	liquid
22.033	1	997.77	0.0010022	1.6648	1.6667	5.8618	74.747	75.354	1488.4	-0.040761	0.00095364	0.60155	liquid
22.05	1	997.76	0.0010022	1.6661	1.6679	5.866	74.745	75.353	1488.5	-0.040759	0.00095326	0.60158	liquid
22.067	1	997.76	0.0010022	1.6673	1.6692	5.8703	74.744	75.353	1488.5	-0.040757	0.00095288	0.60161	liquid
22.083	1	997.75	0.0010023	1.6686	1.6704	5.8746	74.743	75.353	1488.6	-0.040755	0.00095251	0.60164	liquid
22.1	1	997.75	0.0010023	1.6698	1.6717	5.8788	74.742	75.353	1488.6	-0.040753	0.00095213	0.60166	liquid
22.117	1	997.75	0.0010023	1.6711	1.6729	5.8831	74.741	75.353	1488.7	-0.040751	0.00095175	0.60169	liquid
22.133	1	997.74	0.0010023	1.6724	1.6742	5.8873	74.74	75.353	1488.7	-0.040749	0.00095138	0.60172	liquid
22.15	1	997.74	0.0010023	1.6736	1.6754	5.8916	74.739	75.352	1488.8	-0.040747	0.000951	0.60175	liquid
22.167	1	997.74	0.0010023	1.6749	1.6767	5.8958	74.737	75.352	1488.8	-0.040744	0.00095063	0.60178	liquid
22.183	1	997.73	0.0010023	1.6761	1.678	5.9001	74.736	75.352	1488.9	-0.040742	0.00095025	0.60181	liquid
22.2	1	997.73	0.0010023	1.6774	1.6792	5.9043	74.735	75.352	1488.9	-0.04074	0.00094987	0.60184	liquid
22.217	1	997.72	0.0010023	1.6786	1.6805	5.9086	74.734	75.352	1489	-0.040738	0.0009495	0.60186	liquid
22.233	1	997.72	0.0010023	1.6799	1.6817	5.9128	74.733	75.352	1489	-0.040736	0.00094912	0.60189	liquid
22.25	1	997.72	0.0010023	1.6812	1.683	5.9171	74.732	75.351	1489.1	-0.040734	0.00094875	0.60192	liquid
22.267	1	997.71	0.0010023	1.6824	1.6842	5.9213	74.731	75.351	1489.1	-0.040732	0.00094837	0.60195	liquid
22.283	1	997.71	0.0010023	1.6837	1.6855	5.9256	74.729	75.351	1489.1	-0.04073	0.000948	0.60198	liquid
22.3	1	997.7	0.0010023	1.6849	1.6867	5.9298	74.728	75.351	1489.2	-0.040728	0.00094763	0.60201	liquid
22.317	1	997.7	0.0010023	1.6862	1.688	5.9341	74.727	75.351	1489.2	-0.040726	0.00094725	0.60203	liquid
22.333	1	997.7	0.0010023	1.6874	1.6893	5.9383	74.726	75.351	1489.3	-0.040723	0.00094688	0.60206	liquid
22.35	1	997.69	0.0010023	1.6887	1.6905	5.9426	74.725	75.35	1489.3	-0.040721	0.0009465	0.60209	liquid
22.367	1	997.69	0.0010023	1.6899	1.6918	5.9468	74.724	75.35	1489.4	-0.040719	0.00094613	0.60212	liquid
22.383	1	997.69	0.0010023	1.6912	1.693	5.9511	74.722	75.35	1489.4	-0.040717	0.00094576	0.60215	liquid
22.4	1	997.68	0.0010023	1.6925	1.6943	5.9553	74.721	75.35	1489.5	-0.040715	0.00094539	0.60218	liquid
22.417	1	997.68	0.0010023	1.6937	1.6955	5.9596	74.72	75.35	1489.5	-0.040713	0.00094501	0.60221	liquid
22.433	1	997.67	0.0010023	1.695	1.6968	5.9638	74.719	75.35	1489.6	-0.040711	0.00094464	0.60223	liquid
22.45	1	997.67	0.0010023	1.6962	1.6981	5.9681	74.718	75.349	1489.6	-0.040709	0.00094427	0.60226	liquid
22.467	1	997.67	0.0010023	1.6975	1.6993	5.9723	74.717	75.349	1489.7	-0.040707	0.0009439	0.60229	liquid
22.483	1	997.66	0.0010023	1.6987	1.7006	5.9766	74.716	75.349	1489.7	-0.040705	0.00094353	0.60232	liquid
22.5	1	997.66	0.0010023	1.7	1.7018	5.9808	74.714	75.349	1489.8	-0.040702	0.00094315	0.60235	liquid
22.517	1	997.65	0.0010024	1.7012	1.7031	5.9851	74.713	75.349	1489.8	-0.0407	0.00094278	0.60238	liquid
22.533	1	997.65	0.0010024	1.7025	1.7043	5.9893	74.712	75.349	1489.9	-0.040698	0.00094241	0.6024	liquid
22.55	1	997.65	0.0010024	1.7038	1.7056	5.9936	74.711	75.348	1489.9	-0.040696	0.00094204	0.60243	liquid
22.567	1	997.64	0.0010024	1.705	1.7068	5.9978	74.71	75.348	1490	-0.040694	0.00094167	0.60246	liquid
22.583	1	997.64	0.0010024	1.7063	1.7081	6.0021	74.709	75.348	1490	-0.040692	0.0009413	0.60249	liquid
22.6	1	997.64	0.0010024	1.7075	1.7094	6.0063	74.708	75.348	1490.1	-0.04069	0.00094093	0.60252	liquid
22.617	1	997.63	0.0010024	1.7088	1.7106	6.0106	74.706	75.348	1490.1	-0.040688	0.00094056	0.60255	liquid
22.633	1	997.63	0.0010024	1.71	1.7119	6.0148	74.705	75.348	1490.2	-0.040686	0.00094019	0.60257	liquid
22.65	1	997.62	0.0010024	1.7113	1.7131	6.019	74.704	75.347	1490.2	-0.040684	0.00093982	0.6026	liquid
22.667	1	997.62	0.0010024	1.7125	1.7144	6.0233	74.703	75.347	1490.2	-0.040682	0.00093946	0.60263	liquid
22.683	1	997.62	0.0010024	1.7138	1.7156	6.0275	74.702	75.347	1490.3	-0.040679	0.00093909	0.60266	liquid
22.7	1	997.61	0.0010024	1.7151	1.7169	6.0318	74.701	75.347	1490.3	-0.040677	0.00093872	0.60269	liquid
22.717	1	997.61	0.0010024	1.7163	1.7181	6.036	74.7	75.347	1490.4	-0.040675	0.00093835	0.60271	liquid
22.733	1	997.6	0.0010024	1.7176	1.7194	6.0403	74.698	75.347	1490.4	-0.040673	0.00093798	0.60274	liquid
22.75	1	997.6	0.0010024	1.7188	1.7207	6.0445	74.697	75.347	1490.5	-0.040671	0.00093761	0.60277	liquid
22.767	1	997.6	0.0010024	1.7201	1.7219	6.0488	74.696	75.346	1490.5	-0.040669	0.00093725	0.6028	liquid
22.783	1	997.59	0.0010024	1.7213	1.7232	6.053	74.695	75.346	1490.6	-0.040667	0.00093688	0.60283	liquid
22.8	1	997.59	0.0010024	1.7226	1.7244	6.0572	74.694	75.346	1490.6	-0.040665	0.00093651	0.60286	liquid
22.817	1	997.58	0.0010024	1.7238	1.7257	6.0615	74.693	75.346	1490.7	-0.040663	0.00093615	0.60288	liquid
22.833	1	997.58	0.0010024	1.7251	1.7269	6.0657	74.691	75.346	1490.7	-0.040661	0.00093578	0.60291	liquid
22.85	1	997.58	0.0010024	1.7264	1.7282	6.07	74.69	75.346	1490.8	-0.040659	0.00093541	0.60294	liquid
22.867	1	997.57	0.0010024	1.7276	1.7294	6.0742	74.689	75.345	1490.8	-0.040656	0.00093505	0.60297	liquid
22.883	1	997.57	0.0010024	1.7289	1.7307	6.0785	74.688	75.345	1490.9	-0.040654	0.00093468	0.603	liquid
22.9	1	997.57	0.0010024	1.7301	1.732	6.0827	74.687	75.345	1490.9	-0.040652	0.00093431	0.60303	liquid
22.917	1	997.56	0.0010024	1.7314	1.7332	6.0869	74.686	75.345	1491	-0.04065	0.00093395	0.60305	liquid
22.933	1	997.56	0.0010024	1.7326	1.7345	6.0912	74.685	75.345	1491	-0.040648	0.00093358	0.60308	liquid
22.95	1	997.55	0.0010025	1.7339	1.7357	6.0954	74.683	75.345	1491.1	-0.040646	0.00093322	0.60311	liquid
22.967	1	997.55	0.0010025	1.7352	1.737	6.0997	74.682	75.344	1491.1	-0.040644	0.00093285	0.60314	liquid
22.983	1	997.55	0.0010025	1.7364	1.7382	6.1039	74.681	75.344	1491.1	-0.040642	0.00093249	0.60317	liquid
23	1	997.54	0.0010025	1.7377	1.7395	6.1081	74.68	75.344	1491.2	-0.04064	0.00093213	0.60319	liquid
23.017	1	997.54	0.0010025	1.7389	1.7407	6.1124	74.679	75.344	1491.2	-0.040638	0.00093176	0.60322	liquid
23.033	1	997.53	0.0010025	1.7402	1.742	6.1166	74.678	75.344	1491.3	-0.040636	0.0009314	0.60325	liquid
23.05	1	997.53	0.0010025	1.7414	1.7433	6.1209	74.676	75.344	1491.3	-0.040633	0.00093103	0.60328	liquid
23.067	1	997.53	0.0010025	1.7427	1.7445	6.1251	74.675	75.344	1491.4	-0.040631	0.00093067	0.60331	liquid
23.083	1	997.52	0.0010025	1.7439	1.7458	6.1293	74.674	75.343	1491.4	-0.040629	0.00093031	0.60333	liquid
23.1	1	997.52	0.0010025	1.7452	1.747	6.1336	74.673	75.343	1491.5	-0.040627	0.00092994	0.60336	liquid
23.117	1	997.51	0.0010025	1.7465	1.7483	6.1378	74.672	75.343	1491.5	-0.040625	0.00092958	0.60339	liquid
23.133	1	997.51	0.0010025	1.7477	1.7495	6.1421	74.671	75.343	1491.6	-0.040623	0.00092922	0.60342	liquid
23.15	1	997.51	0.0010025	1.749	1.7508	6.1463	74.669	75.343	1491.6	-0.040621	0.00092886	0.60345	liquid
23.167	1	997.5	0.0010025	1.7502	1.7521	6.1505	74.668	75.343	1491.7	-0.040619	0.0009285	0.60347	liquid
23.183	1	997.5	0.0010025	1.7515	1.7533	6.1548	74.667	75.342	1491.7	-0.040617	0.00092813	0.6035	liquid
23.2	1	997.49	0.0010025	1.7527	1.7546	6.159	74.666	75.342	1491.8	-0.040615	0.00092777	0.60353	liquid
23.217	1	997.49	0.0010025	1.754	1.7558	6.1632	74.665	75.342	1491.8	-0.040613	0.00092741	0.60356	liquid
23.233	1	997.49	0.0010025	1.7552	1.7571	6.1675	74.664	75.342	1491.9	-0.040611	0.00092705	0.60359	liquid
23.25	1	997.48	0.0010025	1.7565	1.7583	6.1717	74.663	75.342	1491.9	-0.040609	0.00092669	0.60361	liquid
23.267	1	997.48	0.0010025	1.7578	1.7596	6.176	74.661	75.342	1491.9	-0.040606	0.00092633	0.60364	liquid
23.283	1	997.47	0.0010025	1.759	1.7608	6.1802	74.66	75.342	1492	-0.040604	0.00092597	0.60367	liquid
23.3	1	997.47	0.0010025	1.7603	1.7621	6.1844	74.659	75.341	1492	-0.040602	0.00092561	0.6037	liquid
23.317	1	997.47	0.0010025	1.7615	1.7634	6.1887	74.658	75.341	1492.1	-0.0406	0.00092525	0.60373	liquid
23.333	1	997.46	0.0010025	1.7628	1.7646	6.1929	74.657	75.341	1492.1	-0.040598	0.00092489	0.60375	liquid
23.35	1	997.46	0.0010025	1.764	1.7659	6.1971	74.656	75.341	1492.2	-0.040596	0.00092453	0.60378	liquid
23.367	1	997.45	0.0010026	1.7653	1.7671	6.2014	74.654	75.341	1492.2	-0.040594	0.00092417	0.60381	liquid
23.383	1	997.45	0.0010026	1.7665	1.7684	6.2056	74.653	75.341	1492.3	-0.040592	0.00092381	0.60384	liquid
23.4	1	997.45	0.0010026	1.7678	1.7696	6.2098	74.652	75.341	1492.3	-0.04059	0.00092345	0.60387	liquid
23.417	1	997.44	0.0010026	1.7691	1.7709	6.2141	74.651	75.34	1492.4	-0.040588	0.00092309	0.60389	liquid
23.433	1	997.44	0.0010026	1.7703	1.7721	6.2183	74.65	75.34	1492.4	-0.040586	0.00092273	0.60392	liquid
23.45	1	997.43	0.0010026	1.7716	1.7734	6.2225	74.649	75.34	1492.5	-0.040584	0.00092238	0.60395	liquid
23.467	1	997.43	0.0010026	1.7728	1.7747	6.2268	74.647	75.34	1492.5	-0.040582	0.00092202	0.60398	liquid
23.483	1	997.43	0.0010026	1.7741	1.7759	6.231	74.646	75.34	1492.6	-0.040579	0.00092166	0.60401	liquid
23.5	1	997.42	0.0010026	1.7753	1.7772	6.2352	74.645	75.34	1492.6	-0.040577	0.0009213	0.60403	liquid
23.517	1	997.42	0.0010026	1.7766	1.7784	6.2395	74.644	75.339	1492.6	-0.040575	0.00092095	0.60406	liquid
23.533	1	997.41	0.0010026	1.7778	1.7797	6.2437	74.643	75.339	1492.7	-0.040573	0.00092059	0.60409	liquid
23.55	1	997.41	0.0010026	1.7791	1.7809	6.2479	74.642	75.339	1492.7	-0.040571	0.00092023	0.60412	liquid
23.567	1	997.41	0.0010026	1.7804	1.7822	6.2522	74.64	75.339	1492.8	-0.040569	0.00091988	0.60415	liquid
23.583	1	997.4	0.0010026	1.7816	1.7834	6.2564	74.639	75.339	1492.8	-0.040567	0.00091952	0.60417	liquid
23.6	1	997.4	0.0010026	1.7829	1.7847	6.2606	74.638	75.339	1492.9	-0.040565	0.00091916	0.6042	liquid
23.617	1	997.39	0.0010026	1.7841	1.786	6.2649	74.637	75.339	1492.9	-0.040563	0.00091881	0.60423	liquid
23.633	1	997.39	0.0010026	1.7854	1.7872	6.2691	74.636	75.338	1493	-0.040561	0.00091845	0.60426	liquid
23.65	1	997.39	0.0010026	1.7866	1.7885	6.2733	74.635	75.338	1493	-0.040559	0.0009181	0.60428	liquid
23.667	1	997.38	0.0010026	1.7879	1.7897	6.2776	74.633	75.338	1493.1	-0.040557	0.00091774	0.60431	liquid
23.683	1	997.38	0.0010026	1.7891	1.791	6.2818	74.632	75.338	1493.1	-0.040555	0.00091739	0.60434	liquid
23.7	1	997.37	0.0010026	1.7904	1.7922	6.286	74.631	75.338	1493.2	-0.040553	0.00091703	0.60437	liquid
23.717	1	997.37	0.0010026	1.7917	1.7935	6.2902	74.63	75.338	1493.2	-0.04055	0.00091668	0.6044	liquid
23.733	1	997.36	0.0010026	1.7929	1.7947	6.2945	74.629	75.338	1493.3	-0.040548	0.00091632	0.60442	liquid
23.75	1	997.36	0.0010026	1.7942	1.796	6.2987	74.628	75.337	1493.3	-0.040546	0.00091597	0.60445	liquid
23.767	1	997.36	0.0010027	1.7954	1.7973	6.3029	74.626	75.337	1493.3	-0.040544	0.00091561	0.60448	liquid
23.783	1	997.35	0.0010027	1.7967	1.7985	6.3072	74.625	75.337	1493.4	-0.040542	0.00091526	0.60451	liquid
23.8	1	997.35	0.0010027	1.7979	1.7998	6.3114	74.624	75.337	1493.4	-0.04054	0.00091491	0.60454	liquid
23.817	1	997.34	0.0010027	1.7992	1.801	6.3156	74.623	75.337	1493.5	-0.040538	0.00091455	0.60456	liquid
23.833	1	997.34	0.0010027	1.8004	1.8023	6.3198	74.622	75.337	1493.5	-0.040536	0.0009142	0.60459	liquid
23.85	1	997.34	0.0010027	1.8017	1.8035	6.3241	74.621	75.337	1493.6	-0.040534	0.00091385	0.60462	liquid
23.867	1	997.33	0.0010027	1.803	1.8048	6.3283	74.619	75.336	1493.6	-0.040532	0.00091349	0.60465	liquid
23.883	1	997.33	0.0010027	1.8042	1.806	6.3325	74.618	75.336	1493.7	-0.04053	0.00091314	0.60467	liquid
23.9	1	997.32	0.0010027	1.8055	1.8073	6.3368	74.617	75.336	1493.7	-0.040528	0.00091279	0.6047	liquid
23.917	1	997.32	0.0010027	1.8067	1.8086	6.341	74.616	75.336	1493.8	-0.040526	0.00091244	0.60473	liquid
23.933	1	997.32	0.0010027	1.808	1.8098	6.3452	74.615	75.336	1493.8	-0.040524	0.00091209	0.60476	liquid
23.95	1	997.31	0.0010027	1.8092	1.8111	6.3494	74.614	75.336	1493.8	-0.040522	0.00091173	0.60478	liquid
23.967	1	997.31	0.0010027	1.8105	1.8123	6.3537	74.612	75.336	1493.9	-0.040519	0.00091138	0.60481	liquid
23.983	1	997.3	0.0010027	1.8117	1.8136	6.3579	74.611	75.336	1493.9	-0.040517	0.00091103	0.60484	liquid
24	1	997.3	0.0010027	1.813	1.8148	6.3621	74.61	75.335	1494	-0.040515	0.00091068	0.60487	liquid
24.017	1	997.3	0.0010027	1.8143	1.8161	6.3663	74.609	75.335	1494	-0.040513	0.00091033	0.6049	liquid
24.033	1	997.29	0.0010027	1.8155	1.8173	6.3706	74.608	75.335	1494.1	-0.040511	0.00090998	0.60492	liquid
24.05	1	997.29	0.0010027	1.8168	1.8186	6.3748	74.607	75.335	1494.1	-0.040509	0.00090963	0.60495	liquid
24.067	1	997.28	0.0010027	1.818	1.8199	6.379	74.605	75.335	1494.2	-0.040507	0.00090928	0.60498	liquid
24.083	1	997.28	0.0010027	1.8193	1.8211	6.3832	74.604	75.335	1494.2	-0.040505	0.00090893	0.60501	liquid
24.1	1	997.27	0.0010027	1.8205	1.8224	6.3875	74.603	75.335	1494.3	-0.040503	0.00090858	0.60503	liquid
24.117	1	997.27	0.0010027	1.8218	1.8236	6.3917	74.602	75.334	1494.3	-0.040501	0.00090823	0.60506	liquid
24.133	1	997.27	0.0010027	1.823	1.8249	6.3959	74.601	75.334	1494.4	-0.040499	0.00090788	0.60509	liquid
24.15	1	997.26	0.0010027	1.8243	1.8261	6.4001	74.6	75.334	1494.4	-0.040497	0.00090753	0.60512	liquid
24.167	1	997.26	0.0010027	1.8256	1.8274	6.4044	74.598	75.334	1494.4	-0.040495	0.00090719	0.60514	liquid
24.183	1	997.25	0.0010028	1.8268	1.8286	6.4086	74.597	75.334	1494.5	-0.040493	0.00090684	0.60517	liquid
24.2	1	997.25	0.0010028	1.8281	1.8299	6.4128	74.596	75.334	1494.5	-0.040491	0.00090649	0.6052	liquid
24.217	1	997.25	0.0010028	1.8293	1.8312	6.417	74.595	75.334	1494.6	-0.040489	0.00090614	0.60523	liquid
24.233	1	997.24	0.0010028	1.8306	1.8324	6.4212	74.594	75.333	1494.6	-0.040487	0.00090579	0.60525	liquid
24.25	1	997.24	0.0010028	1.8318	1.8337	6.4255	74.592	75.333	1494.7	-0.040484	0.00090544	0.60528	liquid
24.267	1	997.23	0.0010028	1.8331	1.8349	6.4297	74.591	75.333	1494.7	-0.040482	0.0009051	0.60531	liquid
24.283	1	997.23	0.0010028	1.8343	1.8362	6.4339	74.59	75.333	1494.8	-0.04048	0.00090475	0.60534	liquid
24.3	1	997.22	0.0010028	1.8356	1.8374	6.4381	74.589	75.333	1494.8	-0.040478	0.0009044	0.60536	liquid
24.317	1	997.22	0.0010028	1.8369	1.8387	6.4424	74.588	75.333	1494.9	-0.040476	0.00090406	0.60539	liquid
24.333	1	997.22	0.0010028	1.8381	1.8399	6.4466	74.587	75.333	1494.9	-0.040474	0.00090371	0.60542	liquid
24.35	1	997.21	0.0010028	1.8394	1.8412	6.4508	74.585	75.333	1494.9	-0.040472	0.00090336	0.60545	liquid
24.367	1	997.21	0.0010028	1.8406	1.8425	6.455	74.584	75.332	1495	-0.04047	0.00090302	0.60548	liquid
24.383	1	997.2	0.0010028	1.8419	1.8437	6.4592	74.583	75.332	1495	-0.040468	0.00090267	0.6055	liquid
24.4	1	997.2	0.0010028	1.8431	1.845	6.4635	74.582	75.332	1495.1	-0.040466	0.00090233	0.60553	liquid
24.417	1	997.2	0.0010028	1.8444	1.8462	6.4677	74.581	75.332	1495.1	-0.040464	0.00090198	0.60556	liquid
24.433	1	997.19	0.0010028	1.8456	1.8475	6.4719	74.58	75.332	1495.2	-0.040462	0.00090164	0.60559	liquid
24.45	1	997.19	0.0010028	1.8469	1.8487	6.4761	74.578	75.332	1495.2	-0.04046	0.00090129	0.60561	liquid
24.467	1	997.18	0.0010028	1.8482	1.85	6.4803	74.577	75.332	1495.3	-0.040458	0.00090095	0.60564	liquid
24.483	1	997.18	0.0010028	1.8494	1.8512	6.4845	74.576	75.331	1495.3	-0.040456	0.0009006	0.60567	liquid
24.5	1	997.17	0.0010028	1.8507	1.8525	6.4888	74.575	75.331	1495.4	-0.040454	0.00090026	0.6057	liquid
24.517	1	997.17	0.0010028	1.8519	1.8538	6.493	74.574	75.331	1495.4	-0.040452	0.00089991	0.60572	liquid
24.533	1	997.17	0.0010028	1.8532	1.855	6.4972	74.572	75.331	1495.4	-0.04045	0.00089957	0.60575	liquid
24.55	1	997.16	0.0010028	1.8544	1.8563	6.5014	74.571	75.331	1495.5	-0.040447	0.00089922	0.60578	liquid
24.567	1	997.16	0.0010029	1.8557	1.8575	6.5056	74.57	75.331	1495.5	-0.040445	0.00089888	0.6058	liquid
24.583	1	997.15	0.0010029	1.8569	1.8588	6.5099	74.569	75.331	1495.6	-0.040443	0.00089854	0.60583	liquid
24.6	1	997.15	0.0010029	1.8582	1.86	6.5141	74.568	75.331	1495.6	-0.040441	0.00089819	0.60586	liquid
24.617	1	997.15	0.0010029	1.8595	1.8613	6.5183	74.567	75.33	1495.7	-0.040439	0.00089785	0.60589	liquid
24.633	1	997.14	0.0010029	1.8607	1.8625	6.5225	74.565	75.33	1495.7	-0.040437	0.00089751	0.60591	liquid
24.65	1	997.14	0.0010029	1.862	1.8638	6.5267	74.564	75.33	1495.8	-0.040435	0.00089717	0.60594	liquid
24.667	1	997.13	0.0010029	1.8632	1.8651	6.5309	74.563	75.33	1495.8	-0.040433	0.00089682	0.60597	liquid
24.683	1	997.13	0.0010029	1.8645	1.8663	6.5352	74.562	75.33	1495.9	-0.040431	0.00089648	0.606	liquid
24.7	1	997.12	0.0010029	1.8657	1.8676	6.5394	74.561	75.33	1495.9	-0.040429	0.00089614	0.60602	liquid
24.717	1	997.12	0.0010029	1.867	1.8688	6.5436	74.559	75.33	1495.9	-0.040427	0.0008958	0.60605	liquid
24.733	1	997.12	0.0010029	1.8682	1.8701	6.5478	74.558	75.33	1496	-0.040425	0.00089546	0.60608	liquid
24.75	1	997.11	0.0010029	1.8695	1.8713	6.552	74.557	75.329	1496	-0.040423	0.00089512	0.60611	liquid
24.767	1	997.11	0.0010029	1.8708	1.8726	6.5562	74.556	75.329	1496.1	-0.040421	0.00089477	0.60613	liquid
24.783	1	997.1	0.0010029	1.872	1.8738	6.5604	74.555	75.329	1496.1	-0.040419	0.00089443	0.60616	liquid
24.8	1	997.1	0.0010029	1.8733	1.8751	6.5647	74.554	75.329	1496.2	-0.040417	0.00089409	0.60619	liquid
24.817	1	997.09	0.0010029	1.8745	1.8764	6.5689	74.552	75.329	1496.2	-0.040415	0.00089375	0.60622	liquid
24.833	1	997.09	0.0010029	1.8758	1.8776	6.5731	74.551	75.329	1496.3	-0.040413	0.00089341	0.60624	liquid
24.85	1	997.09	0.0010029	1.877	1.8789	6.5773	74.55	75.329	1496.3	-0.040411	0.00089307	0.60627	liquid
24.867	1	997.08	0.0010029	1.8783	1.8801	6.5815	74.549	75.329	1496.3	-0.040409	0.00089273	0.6063	liquid
24.883	1	997.08	0.0010029	1.8795	1.8814	6.5857	74.548	75.328	1496.4	-0.040407	0.00089239	0.60633	liquid
24.9	1	997.07	0.0010029	1.8808	1.8826	6.5899	74.546	75.328	1496.4	-0.040405	0.00089205	0.60635	liquid
24.917	1	997.07	0.0010029	1.8821	1.8839	6.5941	74.545	75.328	1496.5	-0.040402	0.00089172	0.60638	liquid
24.933	1	997.06	0.0010029	1.8833	1.8851	6.5984	74.544	75.328	1496.5	-0.0404	0.00089138	0.60641	liquid
24.95	1	997.06	0.0010029	1.8846	1.8864	6.6026	74.543	75.328	1496.6	-0.040398	0.00089104	0.60643	liquid
24.967	1	997.06	0.001003	1.8858	1.8877	6.6068	74.542	75.328	1496.6	-0.040396	0.0008907	0.60646	liquid
24.983	1	997.05	0.001003	1.8871	1.8889	6.611	74.541	75.328	1496.7	-0.040394	0.00089036	0.60649	liquid
25	1	997.05	0.001003	1.8883	1.8902	6.6152	74.539	75.328	1496.7	-0.040392	0.00089002	0.60652	liquid
